------------THE MAZE------------
|111111111111111111111s11111111|
|111111111111111111111011111111|
|111111111111111111111011111111|
|111100000000000000000011111111|
|111101111111110111111111111111|
|111101111111110111111111111111|
|111101111111110111111111111111|
|100000000000000000000000000111|
|111101111111101111111111110111|
|111101111111101111111111110111|
|111101111111100000000000000111|
|111101111111101111111111110111|
|111101111111101111111011110111|
|111101111111101111011011110111|
|111101111111101111011011110111|
|111101111111101111000011110111|
|111101111111101111011011110111|
|111100000000001111011011110111|
|111111111111111111011000000111|
|111111111111111111e11111111111|
--------------------------------